题目
沐哲是一个菜鸟仓库的一个拣货员，但他有非常个怪异的习惯。每次拣货的重量都要比之前拣的一个轻，每次拣到货后都可以得到1块钱，沐哲想知道这样最多能赚多少钱 
32 34 7 33 21 2 
13 12 3 11 26 36 
16 30 22 1 24 14 
20 23 25 5 19 29 
27 15 9 17 31 4 
6 18 8 10 35 28 
沐哲可以从仓库的某个货架开始拣货，下一步可以往上走，也可以往下走，当然，向左向右也可以，但必须使得下一个货物重量减小，才会去拣。在上面的仓库中，一条可拣货的路径为 25-22-3。当然30-23-20-16-13-12-3可以拣的货更多。这也是赚钱最多的一条路径。

要求
输入行数、列数和数据矩阵，输出所赚的最大钱数。 
例子: 
输入: 
6 6 
32 34 7 33 21 2 
13 12 3 11 26 36 
16 30 22 1 24 14 
20 23 25 5 19 29 
27 15 9 17 31 4 
6 18 8 10 35 28 
输出: 
7


第2题新都
心得：
1. 如果要paython识别中文字符，需要在开头输入#-*- coding: utf-8 -*-
2. 对中文字符处理时（比如计算中文字符串长度），在中文字符串末尾加.decode("utf-8")
3. sort可以去列表进行从小到大排序，字母在前小
4. 最大匹配算法，匹配到最长的字符串

